405
374
363
357
361
330
310
326
350
326
336
271
301
361
305
307
290
288
307
294
230
334
254
274
288
275
289
237
284
285
275
256
261
256
259
237
242
249
224
251
231
203
235
226
227
218
231
201
245
220
222
209
176
228
232
225
203
224
211
201
232
211
225
189
178
201
186
189
188
189
194
178
175
187
199
176
177
141
170
191
152
169
156
125
161
178
186
145
169
140
149
164
121
122
156
123
126
108
128
126
117
129
108
147
108
116
97
129
139
115
110
124
126
137
97
92
106
133
118
109
118
122
124
104
122
119
102
109
116
116
84
88
71
90
93
93
93
109
97
89
91
79
78
80
103
93
89
77
84
67
84
69
99
84
77
66
60
76
75
84
74
75
68
85
85
68
76
72
69
43
58
77
58
90
68
71
71
62
67
89
65
71
38
49
68
73
51
64
69
65
56
50
52
41
58
59
50
67
74
47
73
59
46
42
39
48
27
40
38
49
51
56
61
52
59
46
48
42
51
38
51
44
49
45
30
42
62
40
45
57
37
46
35
30
28
37
34
28
40
26
28
34
33
29
45
33
50
27
39
36
23
35
32
32
41
34
33
41
24
22
22
31
24
29
30
26
42
27
27
26
30
26
20
25
26
20
27
27
27
24
17
31
22
30
20
26
19
24
9
19
40
19
18
22
29
21
18
22
29
14
36
14
15
22
26
24
17
20
20
26
11
15
19
23
14
47
14
23
7
14
5
23
13
31
23
15
11
17
9
17
17
10
18
22
26
13
13
7
3
12
22
6
16
20
13
24
9
15
10
8
9
14
13
18
18
17
9
11
13
7
12
23
13
7
14
9
12
12
14
10
15
15
17
14
16
6
19
20
9
16
2
13
7
8
9
13
2
11
14
20
5
14
11
8
9
10
6
8
11
15
9
15
7
10
7
9
2
14
19
24
8
12
8
9
5
12
11
4
5
8
15
7
12
5
8
8
5
11
10
4
6
3
17
16
11
9
7
3
2
16
6
7
4
6
15
11
5
3
9
5
4
7
8
2
8
6
9
2
9
2
3
0
5
17
12
3
11
6
6
6
6
8
2
3
3
4
6
1
11
6
2
3
6
7
7
1
5
5
8
2
7
6
2
0
2
6
8
0
0
3
8
3
3
10
3
10
7
1
4
1
6
4
7
9
5
7
3
3
2
7
4
3
2
8
4
1
6
6
4
4
1
4
8
2
11
1
10
4
4
11
5
8
2
3
2
7
6
6
1
8
5
1
6
2
9
4
6
7
7
8
6
3
3
0
12
4
0
7
0
3
4
3
4
3
0
4
3
0
7
7
1
4
2
1
3
2
2
2
4
2
4
4
6
1
1
10
4
0
2
1
0
2
1
3
5
12
6
3
1
4
4
3
3
3
3
0
2
4
5
2
1
10
2
6
3
1
4
11
6
0
3
2
2
3
10
2
5
3
1
3
4
0
0
0
0
4
2
3
4
7
4
2
3
3
0
7
0
3
3
0
2
3
5
1
2
4
2
1
2
0
2
3
2
2
3
6
0
1
4
2
3
0
3
0
0
2
0
1
0
1
0
2
9
2
3
1
1
1
5
5
2
4
4
5
3
1
3
2
7
0
2
1
14
4
1
1
0
3
2
1
1
2
1
2
5
0
1
1
0
1
3
5
1
2
5
4
0
3
6
8
0
0
0
0
1
1
0
1
12
0
1
1
4
2
2
0
4
2
2
1
0
1
2
0
4
1
4
1
2
2
0
1
3
6
1
1
1
0
2
5
3
1
0
4
0
0
1
0
2
0
4
1
2
1
1
1
1
5
2
3
3
1
4
0
0
2
3
6
1
5
4
4
1
3
1
2
1
2
1
2
2
3
2
0
4
3
0
0
0
3
6
1
1
3
0
0
2
0
0
6
0
7
9
1
4
4
0
6
2
6
1
1
0
6
4
2
0
2
0
1
0
6
0
2
2
1
3
1
1
2
2
0
0
4
0
0
3
6
2
2
3
9
5
0
4
1
1
0
2
0
4
5
3
3
2
0
3
5
1
4
2
0
0
1
1
2
0
4
3
1
2
2
2
1
3
0
2
0
4
0
4
2
3
1
1
7
0
2
4
0
1
5
1
4
5
0
3
7
4
7
3
2
2
2
6
4
2
5
0
0
3
2
0
3
2
1
2
0
3
3
1
4
11
2
1
0
0
5
1
2
3
1
4
5
0
2
0
1
0
1
3
1
0
0
0
4
3
2
0
4
3
5
0
0
0
4
1
